1.034263893596786511e+05
6.645537568205306889e+04
5.561763129960717924e+04
4.615983688887789322e+04
3.325226285459104110e+04
2.986828117650860804e+04
2.725209091078906931e+04
2.419074748847937735e+04
2.050769240197446925e+04
1.807354718289188168e+04
1.558287668642988319e+04
1.494319589694749993e+04
1.346554832576944864e+04
1.269737089610994917e+04
1.200975659809731405e+04
1.150298237596747458e+04
1.110837840830471032e+04
1.038264170294915857e+04
1.023254324147188890e+04
9.510690090515852717e+03
8.805064839920609302e+03
8.730096492703507465e+03
8.409892952613456146e+03
8.153481240860306571e+03
8.007154049660939563e+03
7.899962310858744786e+03
7.810876991529934458e+03
7.611819318762444709e+03
7.462254765763341311e+03
7.292236649682816278e+03
7.222971371924879350e+03
6.902640979651019734e+03
6.838763126440490851e+03
6.630798749042302916e+03
6.296436510780219578e+03
6.195634381856651999e+03
6.015860500728982515e+03
5.862889520080217153e+03
5.826377512853238841e+03
5.702467374983168156e+03
5.637292616240665666e+03
5.534760041999644272e+03
5.340623543862819133e+03
5.268735231280338667e+03
5.192154900114577686e+03
4.814504187206421193e+03
4.736644074685169471e+03
4.677296915900848035e+03
4.604569095526247111e+03
4.499526650654955120e+03
4.368180501925015051e+03
4.297109293368843282e+03
4.279102935850844005e+03
4.081808943356255440e+03
3.979788958515518971e+03
3.934158456051445683e+03
3.785560761469535919e+03
3.598431197251023605e+03
3.446063336185044591e+03
3.395559173359228225e+03
3.361404988341125772e+03
3.309486920199583437e+03
3.141739712304467503e+03
3.049786708647089199e+03
2.858266677600680850e+03
2.733665614067449496e+03
2.452314040769322219e+03
2.266636760840193801e+03
1.781673233866167720e+03
1.279845708491103323e+03
1.173552757311318828e+03
2.069803941030394593e-10
4.403818365037138527e-11
6.443558137524024786e-12
6.443558137524024786e-12
6.443558137524024786e-12
4.857912573937719268e-12
